(kicad_pcb (version 20171130) (host pcbnew 5.1.6)

  (general
    (thickness 1.6)
    (drawings 0)
    (tracks 630)
    (zones 0)
    (modules 41)
    (nets 77)
  )

  (page A4)
  (layers
    (0 F.Cu signal)
    (31 B.Cu signal)
    (32 B.Adhes user)
    (33 F.Adhes user)
    (34 B.Paste user)
    (35 F.Paste user)
    (36 B.SilkS user)
    (37 F.SilkS user)
    (38 B.Mask user)
    (39 F.Mask user)
    (40 Dwgs.User user)
    (41 Cmts.User user)
    (42 Eco1.User user)
    (43 Eco2.User user)
    (44 Edge.Cuts user)
    (45 Margin user)
    (46 B.CrtYd user)
    (47 F.CrtYd user)
    (48 B.Fab user)
    (49 F.Fab user)
  )

  (setup
    (last_trace_width 0.6)
    (user_trace_width 0.3)
    (user_trace_width 0.4)
    (user_trace_width 0.6)
    (user_trace_width 0.9)
    (user_trace_width 1.2)
    (user_trace_width 1.5)
    (trace_clearance 0.15)
    (zone_clearance 0.508)
    (zone_45_only no)
    (trace_min 0.2)
    (via_size 1.2)
    (via_drill 0.7)
    (via_min_size 0.4)
    (via_min_drill 0.3)
    (uvia_size 0.3)
    (uvia_drill 0.1)
    (uvias_allowed no)
    (uvia_min_size 0.2)
    (uvia_min_drill 0.1)
    (edge_width 0.5)
    (segment_width 0.2)
    (pcb_text_width 0.3)
    (pcb_text_size 1.5 1.5)
    (mod_edge_width 0.12)
    (mod_text_size 1 1)
    (mod_text_width 0.15)
    (pad_size 1.524 1.524)
    (pad_drill 0.762)
    (pad_to_mask_clearance 0.05)
    (aux_axis_origin 0 0)
    (visible_elements FFFFEF7F)
    (pcbplotparams
      (layerselection 0x010fc_ffffffff)
      (usegerberextensions false)
      (usegerberattributes true)
      (usegerberadvancedattributes true)
      (creategerberjobfile true)
      (excludeedgelayer true)
      (linewidth 0.100000)
      (plotframeref false)
      (viasonmask false)
      (mode 1)
      (useauxorigin false)
      (hpglpennumber 1)
      (hpglpenspeed 20)
      (hpglpendiameter 15.000000)
      (psnegative false)
      (psa4output false)
      (plotreference true)
      (plotvalue true)
      (plotinvisibletext false)
      (padsonsilk false)
      (subtractmaskfromsilk false)
      (outputformat 1)
      (mirror false)
      (drillshape 1)
      (scaleselection 1)
      (outputdirectory ""))
  )

  (net 0 "")
  (net 1 GND)
  (net 2 /S70_VDD)
  (net 3 /S70_PWRKEY)
  (net 4 /S70_NRST)
  (net 5 /S70_BOOTCFG)
  (net 6 /S70_TXD)
  (net 7 /S70_RXD)
  (net 8 /S70_VDDEXT)
  (net 9 /S70_USIM_VDD)
  (net 10 /S70_USIM_DATA)
  (net 11 /S70_USIM_CLK)
  (net 12 /S70_USIM_RST)
  (net 13 /S70_USIM_DET)
  (net 14 /S70_MDMLOG_TX)
  (net 15 /S70_USB_VBUS)
  (net 16 /S70_USB_DP)
  (net 17 /S70_USB_DM)
  (net 18 /S70_GPIO0)
  (net 19 /S70_GPIO1)
  (net 20 /S70_STATUS)
  (net 21 /S70_ANT_RF)
  (net 22 /S70_ANT_GPS)
  (net 23 /S70_NETLIGHT)
  (net 24 "Net-(D-S70_NETLIGHT1-Pad2)")
  (net 25 "Net-(D-S70_STATUS1-Pad2)")
  (net 26 "Net-(C-FT_3V3-Pad1)")
  (net 27 "Net-(J-FT_USB1-Pad2)")
  (net 28 "Net-(J-FT_USB1-Pad3)")
  (net 29 "Net-(J-FT_USB1-Pad4)")
  (net 30 "Net-(J-S70-USB1-Pad4)")
  (net 31 /FT_RXD)
  (net 32 "Net-(U2-Pad2)")
  (net 33 "Net-(U2-Pad3)")
  (net 34 VDD)
  (net 35 "Net-(U2-Pad6)")
  (net 36 "Net-(U2-Pad9)")
  (net 37 "Net-(U2-Pad10)")
  (net 38 "Net-(U2-Pad11)")
  (net 39 "Net-(U2-Pad12)")
  (net 40 "Net-(U2-Pad13)")
  (net 41 "Net-(U2-Pad14)")
  (net 42 "Net-(U2-Pad22)")
  (net 43 "Net-(U2-Pad23)")
  (net 44 "Net-(U2-Pad27)")
  (net 45 "Net-(U2-Pad28)")
  (net 46 VCC)
  (net 47 "Net-(D-FT_RXD1-Pad2)")
  (net 48 "Net-(D-FT_TXD1-Pad2)")
  (net 49 /FT_TXD)
  (net 50 "Net-(J-BRD_VDD1-Pad6)")
  (net 51 "Net-(J-BRD_VDD1-Pad8)")
  (net 52 "Net-(J-BRD_VDD1-Pad4)")
  (net 53 "Net-(C-S70_ANT_RF1-Pad2)")
  (net 54 "Net-(C-S70_ANT_GPS1-Pad2)")
  (net 55 "Net-(C-S70_ANT_GPS1-Pad1)")
  (net 56 "Net-(J-S70-USB1-Pad1)")
  (net 57 "Net-(J-S70_USIM1-Pad2)")
  (net 58 "Net-(J-S70_USIM1-Pad3)")
  (net 59 "Net-(J-S70_USIM1-Pad6)")
  (net 60 "Net-(J-S70_USIM1-Pad7)")
  (net 61 "Net-(L-S70_ANT_GPS1-Pad1)")
  (net 62 "Net-(U1-Pad3)")
  (net 63 "Net-(U1-Pad4)")
  (net 64 "Net-(U1-Pad5)")
  (net 65 "Net-(U1-Pad7)")
  (net 66 "Net-(U1-Pad8)")
  (net 67 "Net-(U1-Pad11)")
  (net 68 "Net-(U1-Pad12)")
  (net 69 "Net-(U1-Pad13)")
  (net 70 "Net-(U1-Pad14)")
  (net 71 "Net-(U1-Pad25)")
  (net 72 "Net-(U1-Pad37)")
  (net 73 "Net-(U1-Pad38)")
  (net 74 "Net-(U1-Pad48)")
  (net 75 "Net-(U1-Pad67)")
  (net 76 "Net-(U1-Pad68)")

  (net_class Default "This is the default net class."
    (clearance 0.15)
    (trace_width 0.25)
    (via_dia 1.2)
    (via_drill 0.7)
    (uvia_dia 0.3)
    (uvia_drill 0.1)
    (add_net /FT_RXD)
    (add_net /FT_TXD)
    (add_net /S70_ANT_GPS)
    (add_net /S70_ANT_RF)
    (add_net /S70_BOOTCFG)
    (add_net /S70_GPIO0)
    (add_net /S70_GPIO1)
    (add_net /S70_MDMLOG_TX)
    (add_net /S70_NETLIGHT)
    (add_net /S70_NRST)
    (add_net /S70_PWRKEY)
    (add_net /S70_RXD)
    (add_net /S70_STATUS)
    (add_net /S70_TXD)
    (add_net /S70_USB_DM)
    (add_net /S70_USB_DP)
    (add_net /S70_USB_VBUS)
    (add_net /S70_USIM_CLK)
    (add_net /S70_USIM_DATA)
    (add_net /S70_USIM_DET)
    (add_net /S70_USIM_RST)
    (add_net /S70_USIM_VDD)
    (add_net /S70_VDD)
    (add_net /S70_VDDEXT)
    (add_net GND)
    (add_net "Net-(C-FT_3V3-Pad1)")
    (add_net "Net-(C-S70_ANT_GPS1-Pad1)")
    (add_net "Net-(C-S70_ANT_GPS1-Pad2)")
    (add_net "Net-(C-S70_ANT_RF1-Pad2)")
    (add_net "Net-(D-FT_RXD1-Pad2)")
    (add_net "Net-(D-FT_TXD1-Pad2)")
    (add_net "Net-(D-S70_NETLIGHT1-Pad2)")
    (add_net "Net-(D-S70_STATUS1-Pad2)")
    (add_net "Net-(J-BRD_VDD1-Pad4)")
    (add_net "Net-(J-BRD_VDD1-Pad6)")
    (add_net "Net-(J-BRD_VDD1-Pad8)")
    (add_net "Net-(J-FT_USB1-Pad2)")
    (add_net "Net-(J-FT_USB1-Pad3)")
    (add_net "Net-(J-FT_USB1-Pad4)")
    (add_net "Net-(J-S70-USB1-Pad1)")
    (add_net "Net-(J-S70-USB1-Pad4)")
    (add_net "Net-(J-S70_USIM1-Pad2)")
    (add_net "Net-(J-S70_USIM1-Pad3)")
    (add_net "Net-(J-S70_USIM1-Pad6)")
    (add_net "Net-(J-S70_USIM1-Pad7)")
    (add_net "Net-(L-S70_ANT_GPS1-Pad1)")
    (add_net "Net-(U1-Pad11)")
    (add_net "Net-(U1-Pad12)")
    (add_net "Net-(U1-Pad13)")
    (add_net "Net-(U1-Pad14)")
    (add_net "Net-(U1-Pad25)")
    (add_net "Net-(U1-Pad3)")
    (add_net "Net-(U1-Pad37)")
    (add_net "Net-(U1-Pad38)")
    (add_net "Net-(U1-Pad4)")
    (add_net "Net-(U1-Pad48)")
    (add_net "Net-(U1-Pad5)")
    (add_net "Net-(U1-Pad67)")
    (add_net "Net-(U1-Pad68)")
    (add_net "Net-(U1-Pad7)")
    (add_net "Net-(U1-Pad8)")
    (add_net "Net-(U2-Pad10)")
    (add_net "Net-(U2-Pad11)")
    (add_net "Net-(U2-Pad12)")
    (add_net "Net-(U2-Pad13)")
    (add_net "Net-(U2-Pad14)")
    (add_net "Net-(U2-Pad2)")
    (add_net "Net-(U2-Pad22)")
    (add_net "Net-(U2-Pad23)")
    (add_net "Net-(U2-Pad27)")
    (add_net "Net-(U2-Pad28)")
    (add_net "Net-(U2-Pad3)")
    (add_net "Net-(U2-Pad6)")
    (add_net "Net-(U2-Pad9)")
    (add_net VCC)
    (add_net VDD)
  )

  (module sim7000e:SIMCON_SIM7000E (layer F.Cu) (tedit 5F90FC7C) (tstamp 5F9470C7)
    (at 194.32 58.09)
    (path /5F9163C6)
    (fp_text reference U1 (at -9.3347 -14.39986) (layer F.SilkS)
      (effects (font (size 1.001039 1.001039) (thickness 0.015)))
    )
    (fp_text value SIM7000E (at -2.976475 14.372185) (layer F.Fab)
      (effects (font (size 1.000496 1.000496) (thickness 0.015)))
    )
    (fp_line (start -12 12) (end -9.05 12) (layer F.SilkS) (width 0.127))
    (fp_line (start -12 9.05) (end -12 12) (layer F.SilkS) (width 0.127))
    (fp_line (start 12 12) (end 9.05 12) (layer F.SilkS) (width 0.127))
    (fp_line (start 12 9.05) (end 12 12) (layer F.SilkS) (width 0.127))
    (fp_line (start 12 -12) (end 12 -9.05) (layer F.SilkS) (width 0.127))
    (fp_line (start 9.05 -12) (end 12 -12) (layer F.SilkS) (width 0.127))
    (fp_line (start -12 -12) (end -9.05 -12) (layer F.SilkS) (width 0.127))
    (fp_line (start -12 -9.05) (end -12 -12) (layer F.SilkS) (width 0.127))
    (fp_line (start -13.5 9.5) (end -13.5 -9.5) (layer F.CrtYd) (width 0.05))
    (fp_line (start -12.5 9.5) (end -13.5 9.5) (layer F.CrtYd) (width 0.05))
    (fp_line (start -12.5 12.5) (end -12.5 9.5) (layer F.CrtYd) (width 0.05))
    (fp_line (start -9.5 12.5) (end -12.5 12.5) (layer F.CrtYd) (width 0.05))
    (fp_line (start -9.5 13.5) (end -9.5 12.5) (layer F.CrtYd) (width 0.05))
    (fp_line (start 9.5 13.5) (end -9.5 13.5) (layer F.CrtYd) (width 0.05))
    (fp_line (start 9.5 12.5) (end 9.5 13.5) (layer F.CrtYd) (width 0.05))
    (fp_line (start 12.5 12.5) (end 9.5 12.5) (layer F.CrtYd) (width 0.05))
    (fp_line (start 12.5 9.5) (end 12.5 12.5) (layer F.CrtYd) (width 0.05))
    (fp_line (start 13.5 9.5) (end 12.5 9.5) (layer F.CrtYd) (width 0.05))
    (fp_line (start 13.5 -9.5) (end 13.5 9.5) (layer F.CrtYd) (width 0.05))
    (fp_line (start 12.5 -9.5) (end 13.5 -9.5) (layer F.CrtYd) (width 0.05))
    (fp_line (start 12.5 -12.5) (end 12.5 -9.5) (layer F.CrtYd) (width 0.05))
    (fp_line (start 9.5 -12.5) (end 12.5 -12.5) (layer F.CrtYd) (width 0.05))
    (fp_line (start 9.5 -13.5) (end 9.5 -12.5) (layer F.CrtYd) (width 0.05))
    (fp_line (start -9.5 -13.5) (end 9.5 -13.5) (layer F.CrtYd) (width 0.05))
    (fp_line (start -9.5 -12.5) (end -9.5 -13.5) (layer F.CrtYd) (width 0.05))
    (fp_line (start -12.5 -12.5) (end -9.5 -12.5) (layer F.CrtYd) (width 0.05))
    (fp_line (start -12.5 -9.5) (end -12.5 -12.5) (layer F.CrtYd) (width 0.05))
    (fp_line (start -13.5 -9.5) (end -12.5 -9.5) (layer F.CrtYd) (width 0.05))
    (fp_circle (center -14 -8) (end -13.8 -8) (layer F.SilkS) (width 0.4))
    (fp_circle (center -10 -8) (end -9.9 -8) (layer F.Fab) (width 0.2))
    (fp_poly (pts (xy 1.30143 1.9) (xy 3.7 1.9) (xy 3.7 4.30472) (xy 1.30143 4.30472)) (layer Dwgs.User) (width 0.01))
    (fp_poly (pts (xy -10.9103 -9.2) (xy -8.5 -9.2) (xy -8.5 -6.80641) (xy -10.9103 -6.80641)) (layer Dwgs.User) (width 0.01))
    (fp_line (start -12 12) (end -12 -12) (layer F.Fab) (width 0.127))
    (fp_line (start 12 12) (end -12 12) (layer F.Fab) (width 0.127))
    (fp_line (start 12 -12) (end 12 12) (layer F.Fab) (width 0.127))
    (fp_line (start -12 -12) (end 12 -12) (layer F.Fab) (width 0.127))
    (pad 1 smd rect (at -12 -8) (size 2 0.6) (layers F.Cu F.Paste F.Mask)
      (net 3 /S70_PWRKEY))
    (pad 2 smd rect (at -12 -7) (size 2 0.6) (layers F.Cu F.Paste F.Mask)
      (net 1 GND))
    (pad 3 smd rect (at -12 -6) (size 2 0.6) (layers F.Cu F.Paste F.Mask)
      (net 62 "Net-(U1-Pad3)"))
    (pad 4 smd rect (at -12 -5) (size 2 0.6) (layers F.Cu F.Paste F.Mask)
      (net 63 "Net-(U1-Pad4)"))
    (pad 5 smd rect (at -12 -4) (size 2 0.6) (layers F.Cu F.Paste F.Mask)
      (net 64 "Net-(U1-Pad5)"))
    (pad 6 smd rect (at -12 -3) (size 2 0.6) (layers F.Cu F.Paste F.Mask)
      (net 5 /S70_BOOTCFG))
    (pad 7 smd rect (at -12 -2) (size 2 0.6) (layers F.Cu F.Paste F.Mask)
      (net 65 "Net-(U1-Pad7)"))
    (pad 8 smd rect (at -12 -1) (size 2 0.6) (layers F.Cu F.Paste F.Mask)
      (net 66 "Net-(U1-Pad8)"))
    (pad 9 smd rect (at -12 0) (size 2 0.6) (layers F.Cu F.Paste F.Mask)
      (net 6 /S70_TXD))
    (pad 10 smd rect (at -12 1) (size 2 0.6) (layers F.Cu F.Paste F.Mask)
      (net 7 /S70_RXD))
    (pad 11 smd rect (at -12 2) (size 2 0.6) (layers F.Cu F.Paste F.Mask)
      (net 67 "Net-(U1-Pad11)"))
    (pad 12 smd rect (at -12 3) (size 2 0.6) (layers F.Cu F.Paste F.Mask)
      (net 68 "Net-(U1-Pad12)"))
    (pad 13 smd rect (at -12 4) (size 2 0.6) (layers F.Cu F.Paste F.Mask)
      (net 69 "Net-(U1-Pad13)"))
    (pad 14 smd rect (at -12 5) (size 2 0.6) (layers F.Cu F.Paste F.Mask)
      (net 70 "Net-(U1-Pad14)"))
    (pad 15 smd rect (at -12 6) (size 2 0.6) (layers F.Cu F.Paste F.Mask)
      (net 8 /S70_VDDEXT))
    (pad 16 smd rect (at -12 7) (size 2 0.6) (layers F.Cu F.Paste F.Mask)
      (net 4 /S70_NRST))
    (pad 17 smd rect (at -12 8) (size 2 0.6) (layers F.Cu F.Paste F.Mask)
      (net 1 GND))
    (pad 18 smd rect (at -8 12) (size 0.6 2) (layers F.Cu F.Paste F.Mask)
      (net 1 GND))
    (pad 19 smd rect (at -7 12) (size 0.6 2) (layers F.Cu F.Paste F.Mask))
    (pad 20 smd rect (at -6 12) (size 0.6 2) (layers F.Cu F.Paste F.Mask))
    (pad 21 smd rect (at -5 12) (size 0.6 2) (layers F.Cu F.Paste F.Mask))
    (pad 22 smd rect (at -4 12) (size 0.6 2) (layers F.Cu F.Paste F.Mask))
    (pad 23 smd rect (at -3 12) (size 0.6 2) (layers F.Cu F.Paste F.Mask)
      (net 14 /S70_MDMLOG_TX))
    (pad 24 smd rect (at -2 12) (size 0.6 2) (layers F.Cu F.Paste F.Mask)
      (net 15 /S70_USB_VBUS))
    (pad 25 smd rect (at -1 12) (size 0.6 2) (layers F.Cu F.Paste F.Mask)
      (net 71 "Net-(U1-Pad25)"))
    (pad 26 smd rect (at 0 12) (size 0.6 2) (layers F.Cu F.Paste F.Mask))
    (pad 27 smd rect (at 1 12) (size 0.6 2) (layers F.Cu F.Paste F.Mask)
      (net 16 /S70_USB_DP))
    (pad 28 smd rect (at 2 12) (size 0.6 2) (layers F.Cu F.Paste F.Mask)
      (net 17 /S70_USB_DM))
    (pad 29 smd rect (at 3 12) (size 0.6 2) (layers F.Cu F.Paste F.Mask)
      (net 1 GND))
    (pad 30 smd rect (at 4 12) (size 0.6 2) (layers F.Cu F.Paste F.Mask)
      (net 9 /S70_USIM_VDD))
    (pad 31 smd rect (at 5 12) (size 0.6 2) (layers F.Cu F.Paste F.Mask)
      (net 10 /S70_USIM_DATA))
    (pad 32 smd rect (at 6 12) (size 0.6 2) (layers F.Cu F.Paste F.Mask)
      (net 11 /S70_USIM_CLK))
    (pad 33 smd rect (at 7 12) (size 0.6 2) (layers F.Cu F.Paste F.Mask)
      (net 12 /S70_USIM_RST))
    (pad 34 smd rect (at 8 12) (size 0.6 2) (layers F.Cu F.Paste F.Mask)
      (net 13 /S70_USIM_DET))
    (pad 35 smd rect (at 12 8) (size 2 0.6) (layers F.Cu F.Paste F.Mask))
    (pad 36 smd rect (at 12 7) (size 2 0.6) (layers F.Cu F.Paste F.Mask))
    (pad 37 smd rect (at 12 6) (size 2 0.6) (layers F.Cu F.Paste F.Mask)
      (net 72 "Net-(U1-Pad37)"))
    (pad 38 smd rect (at 12 5) (size 2 0.6) (layers F.Cu F.Paste F.Mask)
      (net 73 "Net-(U1-Pad38)"))
    (pad 39 smd rect (at 12 4) (size 2 0.6) (layers F.Cu F.Paste F.Mask)
      (net 1 GND))
    (pad 40 smd rect (at 12 3) (size 2 0.6) (layers F.Cu F.Paste F.Mask))
    (pad 41 smd rect (at 12 2) (size 2 0.6) (layers F.Cu F.Paste F.Mask))
    (pad 42 smd rect (at 12 1) (size 2 0.6) (layers F.Cu F.Paste F.Mask))
    (pad 43 smd rect (at 12 0) (size 2 0.6) (layers F.Cu F.Paste F.Mask))
    (pad 44 smd rect (at 12 -1) (size 2 0.6) (layers F.Cu F.Paste F.Mask))
    (pad 45 smd rect (at 12 -2) (size 2 0.6) (layers F.Cu F.Paste F.Mask)
      (net 1 GND))
    (pad 46 smd rect (at 12 -3) (size 2 0.6) (layers F.Cu F.Paste F.Mask)
      (net 1 GND))
    (pad 47 smd rect (at 12 -4) (size 2 0.6) (layers F.Cu F.Paste F.Mask))
    (pad 48 smd rect (at 12 -5) (size 2 0.6) (layers F.Cu F.Paste F.Mask)
      (net 74 "Net-(U1-Pad48)"))
    (pad 49 smd rect (at 12 -6) (size 2 0.6) (layers F.Cu F.Paste F.Mask)
      (net 19 /S70_GPIO1))
    (pad 50 smd rect (at 12 -7) (size 2 0.6) (layers F.Cu F.Paste F.Mask)
      (net 18 /S70_GPIO0))
    (pad 51 smd rect (at 12 -8) (size 2 0.6) (layers F.Cu F.Paste F.Mask))
    (pad 52 smd rect (at 8 -12) (size 0.6 2) (layers F.Cu F.Paste F.Mask)
      (net 23 /S70_NETLIGHT))
    (pad 53 smd rect (at 7 -12) (size 0.6 2) (layers F.Cu F.Paste F.Mask)
      (net 22 /S70_ANT_GPS))
    (pad 54 smd rect (at 6 -12) (size 0.6 2) (layers F.Cu F.Paste F.Mask)
      (net 1 GND))
    (pad 55 smd rect (at 5 -12) (size 0.6 2) (layers F.Cu F.Paste F.Mask)
      (net 2 /S70_VDD))
    (pad 56 smd rect (at 4 -12) (size 0.6 2) (layers F.Cu F.Paste F.Mask)
      (net 2 /S70_VDD))
    (pad 57 smd rect (at 3 -12) (size 0.6 2) (layers F.Cu F.Paste F.Mask)
      (net 2 /S70_VDD))
    (pad 58 smd rect (at 2 -12) (size 0.6 2) (layers F.Cu F.Paste F.Mask)
      (net 1 GND))
    (pad 59 smd rect (at 1 -12) (size 0.6 2) (layers F.Cu F.Paste F.Mask)
      (net 1 GND))
    (pad 60 smd rect (at 0 -12) (size 0.6 2) (layers F.Cu F.Paste F.Mask)
      (net 21 /S70_ANT_RF))
    (pad 61 smd rect (at -1 -12) (size 0.6 2) (layers F.Cu F.Paste F.Mask)
      (net 1 GND))
    (pad 62 smd rect (at -2 -12) (size 0.6 2) (layers F.Cu F.Paste F.Mask)
      (net 1 GND))
    (pad 63 smd rect (at -3 -12) (size 0.6 2) (layers F.Cu F.Paste F.Mask)
      (net 1 GND))
    (pad 64 smd rect (at -4 -12) (size 0.6 2) (layers F.Cu F.Paste F.Mask)
      (net 1 GND))
    (pad 65 smd rect (at -5 -12) (size 0.6 2) (layers F.Cu F.Paste F.Mask)
      (net 1 GND))
    (pad 66 smd rect (at -6 -12) (size 0.6 2) (layers F.Cu F.Paste F.Mask)
      (net 20 /S70_STATUS))
    (pad 67 smd rect (at -7 -12) (size 0.6 2) (layers F.Cu F.Paste F.Mask)
      (net 75 "Net-(U1-Pad67)"))
    (pad 68 smd rect (at -8 -12) (size 0.6 2) (layers F.Cu F.Paste F.Mask)
      (net 76 "Net-(U1-Pad68)"))
    (model /home/achmaday/_development_/Projects/wahyu-job/circuit/kicadlib/sim7000e/SIM7000.step
      (at (xyz 0 0 0))
      (scale (xyz 1 1 1))
      (rotate (xyz 0 0 0))
    )
  )

  (module Capacitor_SMD:C_0805_2012Metric_Pad1.15x1.40mm_HandSolder (layer B.Cu) (tedit 5B36C52B) (tstamp 5F946CFD)
    (at 162.22 83.705 90)
    (descr "Capacitor SMD 0805 (2012 Metric), square (rectangular) end terminal, IPC_7351 nominal with elongated pad for handsoldering. (Body size source: https://docs.google.com/spreadsheets/d/1BsfQQcO9C6DZCsRaXUlFlo91Tg2WpOkGARC1WS5S8t0/edit?usp=sharing), generated with kicad-footprint-generator")
    (tags "capacitor handsolder")
    (path /5FA27E23)
    (attr smd)
    (fp_text reference C-AMS1 (at 0 1.65 270) (layer B.SilkS)
      (effects (font (size 1 1) (thickness 0.15)) (justify mirror))
    )
    (fp_text value 100nF (at 0 -1.65 270) (layer B.Fab)
      (effects (font (size 1 1) (thickness 0.15)) (justify mirror))
    )
    (fp_text user %R (at 0 0 270) (layer B.Fab)
      (effects (font (size 0.5 0.5) (thickness 0.08)) (justify mirror))
    )
    (fp_line (start -1 -0.6) (end -1 0.6) (layer B.Fab) (width 0.1))
    (fp_line (start -1 0.6) (end 1 0.6) (layer B.Fab) (width 0.1))
    (fp_line (start 1 0.6) (end 1 -0.6) (layer B.Fab) (width 0.1))
    (fp_line (start 1 -0.6) (end -1 -0.6) (layer B.Fab) (width 0.1))
    (fp_line (start -0.261252 0.71) (end 0.261252 0.71) (layer B.SilkS) (width 0.12))
    (fp_line (start -0.261252 -0.71) (end 0.261252 -0.71) (layer B.SilkS) (width 0.12))
    (fp_line (start -1.85 -0.95) (end -1.85 0.95) (layer B.CrtYd) (width 0.05))
    (fp_line (start -1.85 0.95) (end 1.85 0.95) (layer B.CrtYd) (width 0.05))
    (fp_line (start 1.85 0.95) (end 1.85 -0.95) (layer B.CrtYd) (width 0.05))
    (fp_line (start 1.85 -0.95) (end -1.85 -0.95) (layer B.CrtYd) (width 0.05))
    (pad 2 smd roundrect (at 1.025 0 90) (size 1.15 1.4) (layers B.Cu B.Paste B.Mask) (roundrect_rratio 0.217391)
      (net 1 GND))
    (pad 1 smd roundrect (at -1.025 0 90) (size 1.15 1.4) (layers B.Cu B.Paste B.Mask) (roundrect_rratio 0.217391)
      (net 46 VCC))
    (model ${KISYS3DMOD}/Capacitor_SMD.3dshapes/C_0805_2012Metric.wrl
      (at (xyz 0 0 0))
      (scale (xyz 1 1 1))
      (rotate (xyz 0 0 0))
    )
  )

  (module Capacitor_SMD:C_0805_2012Metric_Pad1.15x1.40mm_HandSolder (layer B.Cu) (tedit 5B36C52B) (tstamp 5F946D0E)
    (at 155.55 83.6 270)
    (descr "Capacitor SMD 0805 (2012 Metric), square (rectangular) end terminal, IPC_7351 nominal with elongated pad for handsoldering. (Body size source: https://docs.google.com/spreadsheets/d/1BsfQQcO9C6DZCsRaXUlFlo91Tg2WpOkGARC1WS5S8t0/edit?usp=sharing), generated with kicad-footprint-generator")
    (tags "capacitor handsolder")
    (path /5FA283FD)
    (attr smd)
    (fp_text reference C-AMS2 (at 0 1.65 270) (layer B.SilkS)
      (effects (font (size 1 1) (thickness 0.15)) (justify mirror))
    )
    (fp_text value 100nF (at 0 -1.65 270) (layer B.Fab)
      (effects (font (size 1 1) (thickness 0.15)) (justify mirror))
    )
    (fp_line (start 1.85 -0.95) (end -1.85 -0.95) (layer B.CrtYd) (width 0.05))
    (fp_line (start 1.85 0.95) (end 1.85 -0.95) (layer B.CrtYd) (width 0.05))
    (fp_line (start -1.85 0.95) (end 1.85 0.95) (layer B.CrtYd) (width 0.05))
    (fp_line (start -1.85 -0.95) (end -1.85 0.95) (layer B.CrtYd) (width 0.05))
    (fp_line (start -0.261252 -0.71) (end 0.261252 -0.71) (layer B.SilkS) (width 0.12))
    (fp_line (start -0.261252 0.71) (end 0.261252 0.71) (layer B.SilkS) (width 0.12))
    (fp_line (start 1 -0.6) (end -1 -0.6) (layer B.Fab) (width 0.1))
    (fp_line (start 1 0.6) (end 1 -0.6) (layer B.Fab) (width 0.1))
    (fp_line (start -1 0.6) (end 1 0.6) (layer B.Fab) (width 0.1))
    (fp_line (start -1 -0.6) (end -1 0.6) (layer B.Fab) (width 0.1))
    (fp_text user %R (at 0 0) (layer B.Fab)
      (effects (font (size 0.5 0.5) (thickness 0.08)) (justify mirror))
    )
    (pad 1 smd roundrect (at -1.025 0 270) (size 1.15 1.4) (layers B.Cu B.Paste B.Mask) (roundrect_rratio 0.217391)
      (net 34 VDD))
    (pad 2 smd roundrect (at 1.025 0 270) (size 1.15 1.4) (layers B.Cu B.Paste B.Mask) (roundrect_rratio 0.217391)
      (net 1 GND))
    (model ${KISYS3DMOD}/Capacitor_SMD.3dshapes/C_0805_2012Metric.wrl
      (at (xyz 0 0 0))
      (scale (xyz 1 1 1))
      (rotate (xyz 0 0 0))
    )
  )

  (module Capacitor_SMD:C_0805_2012Metric_Pad1.15x1.40mm_HandSolder (layer B.Cu) (tedit 5B36C52B) (tstamp 5F946D1F)
    (at 165.43 79.985 270)
    (descr "Capacitor SMD 0805 (2012 Metric), square (rectangular) end terminal, IPC_7351 nominal with elongated pad for handsoldering. (Body size source: https://docs.google.com/spreadsheets/d/1BsfQQcO9C6DZCsRaXUlFlo91Tg2WpOkGARC1WS5S8t0/edit?usp=sharing), generated with kicad-footprint-generator")
    (tags "capacitor handsolder")
    (path /5F9B8638)
    (attr smd)
    (fp_text reference C-FT_3V3 (at 0 1.65 270) (layer B.SilkS)
      (effects (font (size 1 1) (thickness 0.15)) (justify mirror))
    )
    (fp_text value 100nF (at 0 -1.65 270) (layer B.Fab)
      (effects (font (size 1 1) (thickness 0.15)) (justify mirror))
    )
    (fp_line (start 1.85 -0.95) (end -1.85 -0.95) (layer B.CrtYd) (width 0.05))
    (fp_line (start 1.85 0.95) (end 1.85 -0.95) (layer B.CrtYd) (width 0.05))
    (fp_line (start -1.85 0.95) (end 1.85 0.95) (layer B.CrtYd) (width 0.05))
    (fp_line (start -1.85 -0.95) (end -1.85 0.95) (layer B.CrtYd) (width 0.05))
    (fp_line (start -0.261252 -0.71) (end 0.261252 -0.71) (layer B.SilkS) (width 0.12))
    (fp_line (start -0.261252 0.71) (end 0.261252 0.71) (layer B.SilkS) (width 0.12))
    (fp_line (start 1 -0.6) (end -1 -0.6) (layer B.Fab) (width 0.1))
    (fp_line (start 1 0.6) (end 1 -0.6) (layer B.Fab) (width 0.1))
    (fp_line (start -1 0.6) (end 1 0.6) (layer B.Fab) (width 0.1))
    (fp_line (start -1 -0.6) (end -1 0.6) (layer B.Fab) (width 0.1))
    (fp_text user %R (at 0 0 270) (layer B.Fab)
      (effects (font (size 0.5 0.5) (thickness 0.08)) (justify mirror))
    )
    (pad 1 smd roundrect (at -1.025 0 270) (size 1.15 1.4) (layers B.Cu B.Paste B.Mask) (roundrect_rratio 0.217391)
      (net 26 "Net-(C-FT_3V3-Pad1)"))
    (pad 2 smd roundrect (at 1.025 0 270) (size 1.15 1.4) (layers B.Cu B.Paste B.Mask) (roundrect_rratio 0.217391)
      (net 1 GND))
    (model ${KISYS3DMOD}/Capacitor_SMD.3dshapes/C_0805_2012Metric.wrl
      (at (xyz 0 0 0))
      (scale (xyz 1 1 1))
      (rotate (xyz 0 0 0))
    )
  )

  (module Capacitor_SMD:C_0805_2012Metric_Pad1.15x1.40mm_HandSolder (layer F.Cu) (tedit 5B36C52B) (tstamp 5F946D30)
    (at 209.54 41.305 270)
    (descr "Capacitor SMD 0805 (2012 Metric), square (rectangular) end terminal, IPC_7351 nominal with elongated pad for handsoldering. (Body size source: https://docs.google.com/spreadsheets/d/1BsfQQcO9C6DZCsRaXUlFlo91Tg2WpOkGARC1WS5S8t0/edit?usp=sharing), generated with kicad-footprint-generator")
    (tags "capacitor handsolder")
    (path /5FA023FA)
    (attr smd)
    (fp_text reference C-S70_ANT_GPS1 (at 0 -1.65 90) (layer F.SilkS)
      (effects (font (size 1 1) (thickness 0.15)))
    )
    (fp_text value 33pF (at 0 1.65 90) (layer F.Fab)
      (effects (font (size 1 1) (thickness 0.15)))
    )
    (fp_text user %R (at 0 0 90) (layer F.Fab)
      (effects (font (size 0.5 0.5) (thickness 0.08)))
    )
    (fp_line (start -1 0.6) (end -1 -0.6) (layer F.Fab) (width 0.1))
    (fp_line (start -1 -0.6) (end 1 -0.6) (layer F.Fab) (width 0.1))
    (fp_line (start 1 -0.6) (end 1 0.6) (layer F.Fab) (width 0.1))
    (fp_line (start 1 0.6) (end -1 0.6) (layer F.Fab) (width 0.1))
    (fp_line (start -0.261252 -0.71) (end 0.261252 -0.71) (layer F.SilkS) (width 0.12))
    (fp_line (start -0.261252 0.71) (end 0.261252 0.71) (layer F.SilkS) (width 0.12))
    (fp_line (start -1.85 0.95) (end -1.85 -0.95) (layer F.CrtYd) (width 0.05))
    (fp_line (start -1.85 -0.95) (end 1.85 -0.95) (layer F.CrtYd) (width 0.05))
    (fp_line (start 1.85 -0.95) (end 1.85 0.95) (layer F.CrtYd) (width 0.05))
    (fp_line (start 1.85 0.95) (end -1.85 0.95) (layer F.CrtYd) (width 0.05))
    (pad 2 smd roundrect (at 1.025 0 270) (size 1.15 1.4) (layers F.Cu F.Paste F.Mask) (roundrect_rratio 0.217391)
      (net 54 "Net-(C-S70_ANT_GPS1-Pad2)"))
    (pad 1 smd roundrect (at -1.025 0 270) (size 1.15 1.4) (layers F.Cu F.Paste F.Mask) (roundrect_rratio 0.217391)
      (net 55 "Net-(C-S70_ANT_GPS1-Pad1)"))
    (model ${KISYS3DMOD}/Capacitor_SMD.3dshapes/C_0805_2012Metric.wrl
      (at (xyz 0 0 0))
      (scale (xyz 1 1 1))
      (rotate (xyz 0 0 0))
    )
  )

  (module Capacitor_SMD:C_0805_2012Metric_Pad1.15x1.40mm_HandSolder (layer F.Cu) (tedit 5B36C52B) (tstamp 5F946D41)
    (at 207.46 39.185 90)
    (descr "Capacitor SMD 0805 (2012 Metric), square (rectangular) end terminal, IPC_7351 nominal with elongated pad for handsoldering. (Body size source: https://docs.google.com/spreadsheets/d/1BsfQQcO9C6DZCsRaXUlFlo91Tg2WpOkGARC1WS5S8t0/edit?usp=sharing), generated with kicad-footprint-generator")
    (tags "capacitor handsolder")
    (path /5FA1F880)
    (attr smd)
    (fp_text reference C-S70_ANT_GPS2 (at 0 -1.65 90) (layer F.SilkS)
      (effects (font (size 1 1) (thickness 0.15)))
    )
    (fp_text value 33pF (at 0 1.65 90) (layer F.Fab)
      (effects (font (size 1 1) (thickness 0.15)))
    )
    (fp_line (start 1.85 0.95) (end -1.85 0.95) (layer F.CrtYd) (width 0.05))
    (fp_line (start 1.85 -0.95) (end 1.85 0.95) (layer F.CrtYd) (width 0.05))
    (fp_line (start -1.85 -0.95) (end 1.85 -0.95) (layer F.CrtYd) (width 0.05))
    (fp_line (start -1.85 0.95) (end -1.85 -0.95) (layer F.CrtYd) (width 0.05))
    (fp_line (start -0.261252 0.71) (end 0.261252 0.71) (layer F.SilkS) (width 0.12))
    (fp_line (start -0.261252 -0.71) (end 0.261252 -0.71) (layer F.SilkS) (width 0.12))
    (fp_line (start 1 0.6) (end -1 0.6) (layer F.Fab) (width 0.1))
    (fp_line (start 1 -0.6) (end 1 0.6) (layer F.Fab) (width 0.1))
    (fp_line (start -1 -0.6) (end 1 -0.6) (layer F.Fab) (width 0.1))
    (fp_line (start -1 0.6) (end -1 -0.6) (layer F.Fab) (width 0.1))
    (fp_text user %R (at 0 0 90) (layer F.Fab)
      (effects (font (size 0.5 0.5) (thickness 0.08)))
    )
    (pad 1 smd roundrect (at -1.025 0 90) (size 1.15 1.4) (layers F.Cu F.Paste F.Mask) (roundrect_rratio 0.217391)
      (net 54 "Net-(C-S70_ANT_GPS1-Pad2)"))
    (pad 2 smd roundrect (at 1.025 0 90) (size 1.15 1.4) (layers F.Cu F.Paste F.Mask) (roundrect_rratio 0.217391)
      (net 22 /S70_ANT_GPS))
    (model ${KISYS3DMOD}/Capacitor_SMD.3dshapes/C_0805_2012Metric.wrl
      (at (xyz 0 0 0))
      (scale (xyz 1 1 1))
      (rotate (xyz 0 0 0))
    )
  )

  (module Capacitor_SMD:C_0805_2012Metric_Pad1.15x1.40mm_HandSolder (layer F.Cu) (tedit 5B36C52B) (tstamp 5F946D52)
    (at 191.34 31.71)
    (descr "Capacitor SMD 0805 (2012 Metric), square (rectangular) end terminal, IPC_7351 nominal with elongated pad for handsoldering. (Body size source: https://docs.google.com/spreadsheets/d/1BsfQQcO9C6DZCsRaXUlFlo91Tg2WpOkGARC1WS5S8t0/edit?usp=sharing), generated with kicad-footprint-generator")
    (tags "capacitor handsolder")
    (path /5FD7A313)
    (attr smd)
    (fp_text reference C-S70_ANT_RF1 (at 0 -1.65) (layer F.SilkS)
      (effects (font (size 1 1) (thickness 0.15)))
    )
    (fp_text value C (at 0 1.65) (layer F.Fab)
      (effects (font (size 1 1) (thickness 0.15)))
    )
    (fp_line (start 1.85 0.95) (end -1.85 0.95) (layer F.CrtYd) (width 0.05))
    (fp_line (start 1.85 -0.95) (end 1.85 0.95) (layer F.CrtYd) (width 0.05))
    (fp_line (start -1.85 -0.95) (end 1.85 -0.95) (layer F.CrtYd) (width 0.05))
    (fp_line (start -1.85 0.95) (end -1.85 -0.95) (layer F.CrtYd) (width 0.05))
    (fp_line (start -0.261252 0.71) (end 0.261252 0.71) (layer F.SilkS) (width 0.12))
    (fp_line (start -0.261252 -0.71) (end 0.261252 -0.71) (layer F.SilkS) (width 0.12))
    (fp_line (start 1 0.6) (end -1 0.6) (layer F.Fab) (width 0.1))
    (fp_line (start 1 -0.6) (end 1 0.6) (layer F.Fab) (width 0.1))
    (fp_line (start -1 -0.6) (end 1 -0.6) (layer F.Fab) (width 0.1))
    (fp_line (start -1 0.6) (end -1 -0.6) (layer F.Fab) (width 0.1))
    (fp_text user %R (at 0 0) (layer F.Fab)
      (effects (font (size 0.5 0.5) (thickness 0.08)))
    )
    (pad 1 smd roundrect (at -1.025 0) (size 1.15 1.4) (layers F.Cu F.Paste F.Mask) (roundrect_rratio 0.217391)
      (net 1 GND))
    (pad 2 smd roundrect (at 1.025 0) (size 1.15 1.4) (layers F.Cu F.Paste F.Mask) (roundrect_rratio 0.217391)
      (net 53 "Net-(C-S70_ANT_RF1-Pad2)"))
    (model ${KISYS3DMOD}/Capacitor_SMD.3dshapes/C_0805_2012Metric.wrl
      (at (xyz 0 0 0))
      (scale (xyz 1 1 1))
      (rotate (xyz 0 0 0))
    )
  )

  (module Capacitor_SMD:C_0805_2012Metric_Pad1.15x1.40mm_HandSolder (layer F.Cu) (tedit 5B36C52B) (tstamp 5F946D63)
    (at 190.19 34.655 270)
    (descr "Capacitor SMD 0805 (2012 Metric), square (rectangular) end terminal, IPC_7351 nominal with elongated pad for handsoldering. (Body size source: https://docs.google.com/spreadsheets/d/1BsfQQcO9C6DZCsRaXUlFlo91Tg2WpOkGARC1WS5S8t0/edit?usp=sharing), generated with kicad-footprint-generator")
    (tags "capacitor handsolder")
    (path /5FD8E084)
    (attr smd)
    (fp_text reference C-S70_ANT_RF2 (at 0 -1.65 90) (layer F.SilkS)
      (effects (font (size 1 1) (thickness 0.15)))
    )
    (fp_text value C (at 0 1.65 90) (layer F.Fab)
      (effects (font (size 1 1) (thickness 0.15)))
    )
    (fp_text user %R (at 0 0 90) (layer F.Fab)
      (effects (font (size 0.5 0.5) (thickness 0.08)))
    )
    (fp_line (start -1 0.6) (end -1 -0.6) (layer F.Fab) (width 0.1))
    (fp_line (start -1 -0.6) (end 1 -0.6) (layer F.Fab) (width 0.1))
    (fp_line (start 1 -0.6) (end 1 0.6) (layer F.Fab) (width 0.1))
    (fp_line (start 1 0.6) (end -1 0.6) (layer F.Fab) (width 0.1))
    (fp_line (start -0.261252 -0.71) (end 0.261252 -0.71) (layer F.SilkS) (width 0.12))
    (fp_line (start -0.261252 0.71) (end 0.261252 0.71) (layer F.SilkS) (width 0.12))
    (fp_line (start -1.85 0.95) (end -1.85 -0.95) (layer F.CrtYd) (width 0.05))
    (fp_line (start -1.85 -0.95) (end 1.85 -0.95) (layer F.CrtYd) (width 0.05))
    (fp_line (start 1.85 -0.95) (end 1.85 0.95) (layer F.CrtYd) (width 0.05))
    (fp_line (start 1.85 0.95) (end -1.85 0.95) (layer F.CrtYd) (width 0.05))
    (pad 2 smd roundrect (at 1.025 0 270) (size 1.15 1.4) (layers F.Cu F.Paste F.Mask) (roundrect_rratio 0.217391)
      (net 21 /S70_ANT_RF))
    (pad 1 smd roundrect (at -1.025 0 270) (size 1.15 1.4) (layers F.Cu F.Paste F.Mask) (roundrect_rratio 0.217391)
      (net 1 GND))
    (model ${KISYS3DMOD}/Capacitor_SMD.3dshapes/C_0805_2012Metric.wrl
      (at (xyz 0 0 0))
      (scale (xyz 1 1 1))
      (rotate (xyz 0 0 0))
    )
  )

  (module LED_SMD:LED_1206_3216Metric_Pad1.42x1.75mm_HandSolder (layer F.Cu) (tedit 5B4B45C9) (tstamp 5F946D76)
    (at 156.29 66.6475 90)
    (descr "LED SMD 1206 (3216 Metric), square (rectangular) end terminal, IPC_7351 nominal, (Body size source: http://www.tortai-tech.com/upload/download/2011102023233369053.pdf), generated with kicad-footprint-generator")
    (tags "LED handsolder")
    (path /5FAA0889)
    (attr smd)
    (fp_text reference D-FT_RXD1 (at 0 -1.82 90) (layer F.SilkS)
      (effects (font (size 1 1) (thickness 0.15)))
    )
    (fp_text value LED (at 0 1.82 90) (layer F.Fab)
      (effects (font (size 1 1) (thickness 0.15)))
    )
    (fp_line (start 2.45 1.12) (end -2.45 1.12) (layer F.CrtYd) (width 0.05))
    (fp_line (start 2.45 -1.12) (end 2.45 1.12) (layer F.CrtYd) (width 0.05))
    (fp_line (start -2.45 -1.12) (end 2.45 -1.12) (layer F.CrtYd) (width 0.05))
    (fp_line (start -2.45 1.12) (end -2.45 -1.12) (layer F.CrtYd) (width 0.05))
    (fp_line (start -2.46 1.135) (end 1.6 1.135) (layer F.SilkS) (width 0.12))
    (fp_line (start -2.46 -1.135) (end -2.46 1.135) (layer F.SilkS) (width 0.12))
    (fp_line (start 1.6 -1.135) (end -2.46 -1.135) (layer F.SilkS) (width 0.12))
    (fp_line (start 1.6 0.8) (end 1.6 -0.8) (layer F.Fab) (width 0.1))
    (fp_line (start -1.6 0.8) (end 1.6 0.8) (layer F.Fab) (width 0.1))
    (fp_line (start -1.6 -0.4) (end -1.6 0.8) (layer F.Fab) (width 0.1))
    (fp_line (start -1.2 -0.8) (end -1.6 -0.4) (layer F.Fab) (width 0.1))
    (fp_line (start 1.6 -0.8) (end -1.2 -0.8) (layer F.Fab) (width 0.1))
    (fp_text user %R (at 0 0 90) (layer F.Fab)
      (effects (font (size 0.8 0.8) (thickness 0.12)))
    )
    (pad 1 smd roundrect (at -1.4875 0 90) (size 1.425 1.75) (layers F.Cu F.Paste F.Mask) (roundrect_rratio 0.175439)
      (net 31 /FT_RXD))
    (pad 2 smd roundrect (at 1.4875 0 90) (size 1.425 1.75) (layers F.Cu F.Paste F.Mask) (roundrect_rratio 0.175439)
      (net 47 "Net-(D-FT_RXD1-Pad2)"))
    (model ${KISYS3DMOD}/LED_SMD.3dshapes/LED_1206_3216Metric.wrl
      (at (xyz 0 0 0))
      (scale (xyz 1 1 1))
      (rotate (xyz 0 0 0))
    )
  )

  (module LED_SMD:LED_1206_3216Metric_Pad1.42x1.75mm_HandSolder (layer F.Cu) (tedit 5B4B45C9) (tstamp 5F946D89)
    (at 158.85 66.6575 90)
    (descr "LED SMD 1206 (3216 Metric), square (rectangular) end terminal, IPC_7351 nominal, (Body size source: http://www.tortai-tech.com/upload/download/2011102023233369053.pdf), generated with kicad-footprint-generator")
    (tags "LED handsolder")
    (path /5FA94F56)
    (attr smd)
    (fp_text reference D-FT_TXD1 (at 0 -1.82 90) (layer F.SilkS)
      (effects (font (size 1 1) (thickness 0.15)))
    )
    (fp_text value LED (at 0 1.82 90) (layer F.Fab)
      (effects (font (size 1 1) (thickness 0.15)))
    )
    (fp_text user %R (at 0 0 90) (layer F.Fab)
      (effects (font (size 0.8 0.8) (thickness 0.12)))
    )
    (fp_line (start 1.6 -0.8) (end -1.2 -0.8) (layer F.Fab) (width 0.1))
    (fp_line (start -1.2 -0.8) (end -1.6 -0.4) (layer F.Fab) (width 0.1))
    (fp_line (start -1.6 -0.4) (end -1.6 0.8) (layer F.Fab) (width 0.1))
    (fp_line (start -1.6 0.8) (end 1.6 0.8) (layer F.Fab) (width 0.1))
    (fp_line (start 1.6 0.8) (end 1.6 -0.8) (layer F.Fab) (width 0.1))
    (fp_line (start 1.6 -1.135) (end -2.46 -1.135) (layer F.SilkS) (width 0.12))
    (fp_line (start -2.46 -1.135) (end -2.46 1.135) (layer F.SilkS) (width 0.12))
    (fp_line (start -2.46 1.135) (end 1.6 1.135) (layer F.SilkS) (width 0.12))
    (fp_line (start -2.45 1.12) (end -2.45 -1.12) (layer F.CrtYd) (width 0.05))
    (fp_line (start -2.45 -1.12) (end 2.45 -1.12) (layer F.CrtYd) (width 0.05))
    (fp_line (start 2.45 -1.12) (end 2.45 1.12) (layer F.CrtYd) (width 0.05))
    (fp_line (start 2.45 1.12) (end -2.45 1.12) (layer F.CrtYd) (width 0.05))
    (pad 2 smd roundrect (at 1.4875 0 90) (size 1.425 1.75) (layers F.Cu F.Paste F.Mask) (roundrect_rratio 0.175439)
      (net 48 "Net-(D-FT_TXD1-Pad2)"))
    (pad 1 smd roundrect (at -1.4875 0 90) (size 1.425 1.75) (layers F.Cu F.Paste F.Mask) (roundrect_rratio 0.175439)
      (net 49 /FT_TXD))
    (model ${KISYS3DMOD}/LED_SMD.3dshapes/LED_1206_3216Metric.wrl
      (at (xyz 0 0 0))
      (scale (xyz 1 1 1))
      (rotate (xyz 0 0 0))
    )
  )

  (module LED_SMD:LED_1206_3216Metric_Pad1.42x1.75mm_HandSolder (layer F.Cu) (tedit 5B4B45C9) (tstamp 5F946D9C)
    (at 201.71 36.2975 270)
    (descr "LED SMD 1206 (3216 Metric), square (rectangular) end terminal, IPC_7351 nominal, (Body size source: http://www.tortai-tech.com/upload/download/2011102023233369053.pdf), generated with kicad-footprint-generator")
    (tags "LED handsolder")
    (path /5FB7D458)
    (attr smd)
    (fp_text reference D-S70_NETLIGHT1 (at 0 -1.82 90) (layer F.SilkS)
      (effects (font (size 1 1) (thickness 0.15)))
    )
    (fp_text value LED (at 0 1.82 90) (layer F.Fab)
      (effects (font (size 1 1) (thickness 0.15)))
    )
    (fp_text user %R (at 0 0 90) (layer F.Fab)
      (effects (font (size 0.8 0.8) (thickness 0.12)))
    )
    (fp_line (start 1.6 -0.8) (end -1.2 -0.8) (layer F.Fab) (width 0.1))
    (fp_line (start -1.2 -0.8) (end -1.6 -0.4) (layer F.Fab) (width 0.1))
    (fp_line (start -1.6 -0.4) (end -1.6 0.8) (layer F.Fab) (width 0.1))
    (fp_line (start -1.6 0.8) (end 1.6 0.8) (layer F.Fab) (width 0.1))
    (fp_line (start 1.6 0.8) (end 1.6 -0.8) (layer F.Fab) (width 0.1))
    (fp_line (start 1.6 -1.135) (end -2.46 -1.135) (layer F.SilkS) (width 0.12))
    (fp_line (start -2.46 -1.135) (end -2.46 1.135) (layer F.SilkS) (width 0.12))
    (fp_line (start -2.46 1.135) (end 1.6 1.135) (layer F.SilkS) (width 0.12))
    (fp_line (start -2.45 1.12) (end -2.45 -1.12) (layer F.CrtYd) (width 0.05))
    (fp_line (start -2.45 -1.12) (end 2.45 -1.12) (layer F.CrtYd) (width 0.05))
    (fp_line (start 2.45 -1.12) (end 2.45 1.12) (layer F.CrtYd) (width 0.05))
    (fp_line (start 2.45 1.12) (end -2.45 1.12) (layer F.CrtYd) (width 0.05))
    (pad 2 smd roundrect (at 1.4875 0 270) (size 1.425 1.75) (layers F.Cu F.Paste F.Mask) (roundrect_rratio 0.175439)
      (net 24 "Net-(D-S70_NETLIGHT1-Pad2)"))
    (pad 1 smd roundrect (at -1.4875 0 270) (size 1.425 1.75) (layers F.Cu F.Paste F.Mask) (roundrect_rratio 0.175439)
      (net 1 GND))
    (model ${KISYS3DMOD}/LED_SMD.3dshapes/LED_1206_3216Metric.wrl
      (at (xyz 0 0 0))
      (scale (xyz 1 1 1))
      (rotate (xyz 0 0 0))
    )
  )

  (module LED_SMD:LED_1206_3216Metric_Pad1.42x1.75mm_HandSolder (layer F.Cu) (tedit 5B4B45C9) (tstamp 5F946DAF)
    (at 187.65 36.3025 270)
    (descr "LED SMD 1206 (3216 Metric), square (rectangular) end terminal, IPC_7351 nominal, (Body size source: http://www.tortai-tech.com/upload/download/2011102023233369053.pdf), generated with kicad-footprint-generator")
    (tags "LED handsolder")
    (path /5FB99B42)
    (attr smd)
    (fp_text reference D-S70_STATUS1 (at 0 -1.82 90) (layer F.SilkS)
      (effects (font (size 1 1) (thickness 0.15)))
    )
    (fp_text value LED (at 0 1.82 90) (layer F.Fab)
      (effects (font (size 1 1) (thickness 0.15)))
    )
    (fp_line (start 2.45 1.12) (end -2.45 1.12) (layer F.CrtYd) (width 0.05))
    (fp_line (start 2.45 -1.12) (end 2.45 1.12) (layer F.CrtYd) (width 0.05))
    (fp_line (start -2.45 -1.12) (end 2.45 -1.12) (layer F.CrtYd) (width 0.05))
    (fp_line (start -2.45 1.12) (end -2.45 -1.12) (layer F.CrtYd) (width 0.05))
    (fp_line (start -2.46 1.135) (end 1.6 1.135) (layer F.SilkS) (width 0.12))
    (fp_line (start -2.46 -1.135) (end -2.46 1.135) (layer F.SilkS) (width 0.12))
    (fp_line (start 1.6 -1.135) (end -2.46 -1.135) (layer F.SilkS) (width 0.12))
    (fp_line (start 1.6 0.8) (end 1.6 -0.8) (layer F.Fab) (width 0.1))
    (fp_line (start -1.6 0.8) (end 1.6 0.8) (layer F.Fab) (width 0.1))
    (fp_line (start -1.6 -0.4) (end -1.6 0.8) (layer F.Fab) (width 0.1))
    (fp_line (start -1.2 -0.8) (end -1.6 -0.4) (layer F.Fab) (width 0.1))
    (fp_line (start 1.6 -0.8) (end -1.2 -0.8) (layer F.Fab) (width 0.1))
    (fp_text user %R (at 0 0 90) (layer F.Fab)
      (effects (font (size 0.8 0.8) (thickness 0.12)))
    )
    (pad 1 smd roundrect (at -1.4875 0 270) (size 1.425 1.75) (layers F.Cu F.Paste F.Mask) (roundrect_rratio 0.175439)
      (net 1 GND))
    (pad 2 smd roundrect (at 1.4875 0 270) (size 1.425 1.75) (layers F.Cu F.Paste F.Mask) (roundrect_rratio 0.175439)
      (net 25 "Net-(D-S70_STATUS1-Pad2)"))
    (model ${KISYS3DMOD}/LED_SMD.3dshapes/LED_1206_3216Metric.wrl
      (at (xyz 0 0 0))
      (scale (xyz 1 1 1))
      (rotate (xyz 0 0 0))
    )
  )

  (module Connector_PinHeader_2.54mm:PinHeader_2x02_P2.54mm_Vertical (layer F.Cu) (tedit 59FED5CC) (tstamp 5F946DC9)
    (at 167.91 57.19)
